p256
====

p = 2^256 + (- 2^224) + 2^192 + 2^96-1

        1 00 00 00 00 | 00 00 00 01 | 00 00 00 00 | 00 00 00 00 | 00 00 00 01 | 00 00 00 00 | 00 00 00 00 | 00 00 00 00
        0 00 00 00 01 | 00 00 00 00 | 00 00 00 00 | 00 00 00 00 | 00 00 00 00 | 00 00 00 00 | 00 00 00 00 | 00 00 00 01

        0 FF FF FF FF | 00 00 00 01 | 00 00 00 00 | 00 00 00 00 | 00 00 00 00 | FF FF FF FF | FF FF FF FF | FF FF FF FF

        h 0             1             2             3             4             5             6             7
        b 0             32            64            96            128           160           192           224

        
        1 00 00 00 00 | 00 00 00 01 | 00 00 00 00 | 00 00 00 00 | 00 00 00 01 | 00 00 00 00 | 00 00 00 00 | 00 00 00 00
        0 00 00 00 01 | 00 00 00 00 | 00 00 00 00 | 00 00 00 00 | 00 00 00 00 | 00 00 00 00 | 00 00 00 00 | 00 00 00 00
          ff ff ff ff             1                                         1 

In hex

p       =   0xffffffff 1 0 0 0 0xffffffff 0xffffffff 0xffffffff

p+1     =   0xffffffff 1 0 0 1 0 0 0

(p+1)/4 =   0x3fffffff 0xc0000000 0x40000000 0 0 0x40000000 0 0


p192
====

2^192 − 2^64 − 1

        0 00 00 00 00 | 00 00 00 01 | 00 00 00 00 | 00 00 00 00 | 00 00 00 00 | 00 00 00 00 | 00 00 00 00 | 00 00 00 00
        0 00 00 00 00 | 00 00 00 00 | 00 00 00 00 | 00 00 00 00 | 00 00 00 00 | 00 00 00 01 | 00 00 00 00 | 00 00 00 01

        0 00 00 00 00 | 00 00 00 00 | ff ff ff ff | ff ff ff ff | ff ff ff ff | ff ff ff fe | ff ff ff ff | ff ff ff ff

          0 0 0xffffffff 0xffffffff 0xffffffff 0xfffffffe 0xffffffff 0xffffffff


        h 0             1             2             3             4             5
        b 0             32            64            96            128           160